     50280
     49378
     50307
     49823
     49950
     49969
     49742
     50214
     49882
     50085
     50147
     50083
     49952
     49590
     50458
     49676
     49668
     49933
     49828
     49738
     49971
     49937
     49929
     49888
     50106
     49805
     50076
     49763
     49734
     50098
     49419
     49909
     49911
     49664
     50332
     50062
     49919
     50036
     49947
     49725
     50211
     49276
     49898
     49538
     49996
     49759
     49913
     49645
     49775
     50220
     50355
     49946
     49740
     49961
     49896
     49999
     50251
     49981
     50400
     49564
       265
